0.000000000000000000e+00
1.499999999999999944e-01
1.499999999999999944e-01
1.499999999999999944e-01
1.250000000000000000e-01
1.250000000000000000e-01
1.250000000000000000e-01
1.000000000000000056e-01
1.000000000000000056e-01
1.000000000000000056e-01
1.000000000000000056e-01
7.500000000000001110e-02
7.500000000000001110e-02
5.000000000000000278e-02
5.000000000000000278e-02
5.000000000000000278e-02
2.500000000000000139e-02
2.500000000000000139e-02
2.500000000000000139e-02
2.500000000000000139e-02
